# svMultiPhysics boundary integral results file. 
# Quantities represent averaged scalar or flux values over each mesh face.
#        
# Format 
# ------ 
# face areas: [list of mesh face areas]  
# step time [list of mesh face names] 
# [time step] [time] [list of computed values for each mesh face]
face areas:  4.620e+00  7.770e-01  9.683e-01  2.290e+02  8.826e+01 
step   time   cap_aorta  cap_aorta_2  cap_right_iliac  wall_aorta  wall_right_iliac 
 1   1.0000000000e-02  8.4654284599e-01  8.9889472472e-01  8.0815456114e-01  2.2484595902e+00  2.7693690117e+00 
 2   2.0000000000e-02  1.2479035946e+00  3.5715997147e+00  3.1831602658e+00  3.9971394342e+00  7.4187081858e+00 
 3   3.0000000000e-02  7.7543282660e-01  4.8904779577e+00  4.3702615143e+00  4.6562976763e+00  8.3404959833e+00 
 4   4.0000000000e-02  9.5710223933e-01  4.7707978722e+00  4.5846044431e+00  3.7644826658e+00  6.6410437063e+00 
 5   5.0000000000e-02  8.9254704052e-01  4.3372664439e+00  4.2468867501e+00  2.8963829950e+00  4.6920169113e+00 
 6   6.0000000000e-02  9.2662826542e-01  4.2635460860e+00  3.9967577578e+00  2.9021944822e+00  4.8350595904e+00 
 7   7.0000000000e-02  8.9704185455e-01  4.6251187993e+00  4.1168228366e+00  3.2584786308e+00  5.7581087387e+00 
 8   8.0000000000e-02  9.1214143644e-01  4.7315039736e+00  4.1753047237e+00  3.2965415956e+00  5.8799007839e+00 
 9   9.0000000000e-02  9.0873626646e-01  4.6526481873e+00  4.1019203257e+00  3.1554476869e+00  5.5958220592e+00 
 10   1.0000000000e-01  9.0673810031e-01  4.5905427939e+00  4.0207885091e+00  3.1202967172e+00  5.5316515921e+00 
 11   1.1000000000e-01  9.1004663214e-01  4.5602188423e+00  3.9842062284e+00  3.1779655036e+00  5.6663371262e+00 
 12   1.2000000000e-01  9.0766890669e-01  4.5610716627e+00  4.0083291395e+00  3.1954879545e+00  5.7315405934e+00 
 13   1.3000000000e-01  9.0889339353e-01  4.5599969893e+00  4.0339918226e+00  3.1799655807e+00  5.7245615206e+00 
 14   1.4000000000e-01  9.0805607180e-01  4.5554712937e+00  4.0306952275e+00  3.1814897512e+00  5.7554798563e+00 
 15   1.5000000000e-01  9.0856215326e-01  4.5449361598e+00  4.0172710219e+00  3.1969965618e+00  5.8164423136e+00 
 16   1.6000000000e-01  9.0830821046e-01  4.5321915553e+00  4.0087089043e+00  3.2081546228e+00  5.8672115132e+00 
 17   1.7000000000e-01  9.0841266136e-01  4.5291064777e+00  4.0039323026e+00  3.2150979756e+00  5.9070045804e+00 
 18   1.8000000000e-01  9.0833252852e-01  4.5401278361e+00  3.9983273857e+00  3.2233854897e+00  5.9498989657e+00 
 19   1.9000000000e-01  9.0840147326e-01  4.5560203450e+00  3.9925360762e+00  3.2336717112e+00  5.9980568211e+00 
 20   2.0000000000e-01  9.0835989218e-01  4.5662217956e+00  3.9862623101e+00  3.2422897619e+00  6.0452839380e+00 
 21   2.1000000000e-01  9.0838823359e-01  4.5682005050e+00  3.9803036520e+00  3.2480995112e+00  6.0881971815e+00 
 22   2.2000000000e-01  9.0836729449e-01  4.5632189287e+00  3.9768169644e+00  3.2531940404e+00  6.1257736266e+00 
 23   2.3000000000e-01  9.0838343774e-01  4.5527134078e+00  3.9753086056e+00  3.2592087453e+00  6.1575154646e+00 
 24   2.4000000000e-01  9.0837588477e-01  4.5413144739e+00  3.9736482678e+00  3.2667725791e+00  6.1818472623e+00 
 25   2.5000000000e-01  9.0838087428e-01  4.5358806421e+00  3.9710663101e+00  3.2758454389e+00  6.1985232213e+00 
 26   2.6000000000e-01  9.0837745603e-01  4.5382954842e+00  3.9688228212e+00  3.2864438010e+00  6.2104537564e+00 
 27   2.7000000000e-01  9.0838032832e-01  4.5440582964e+00  3.9681489231e+00  3.2981482324e+00  6.2207142236e+00 
 28   2.8000000000e-01  9.0838038953e-01  4.5480413664e+00  3.9691365486e+00  3.3104712043e+00  6.2301842193e+00 
 29   2.9000000000e-01  9.0837985598e-01  4.5481386168e+00  3.9710328879e+00  3.3237275454e+00  6.2393974793e+00 
 30   3.0000000000e-01  9.0838073442e-01  4.5457239216e+00  3.9729267884e+00  3.3382568059e+00  6.2491106805e+00 
 31   3.1000000000e-01  9.0838217731e-01  4.5432982653e+00  3.9741569458e+00  3.3521686044e+00  6.2599162970e+00 
 32   3.2000000000e-01  9.0837870267e-01  4.5420565348e+00  3.9746395245e+00  3.3626637942e+00  6.2716691481e+00 
 33   3.3000000000e-01  9.0838091307e-01  4.5418615945e+00  3.9746443339e+00  3.3691676283e+00  6.2833396847e+00 
 34   3.4000000000e-01  9.0838047606e-01  4.5421948257e+00  3.9744757877e+00  3.3726940895e+00  6.2935961060e+00 
 35   3.5000000000e-01  9.0837961415e-01  4.5426599838e+00  3.9742981282e+00  3.3748744752e+00  6.3017546952e+00 
 36   3.6000000000e-01  9.0838066135e-01  4.5430171790e+00  3.9741179476e+00  3.3767522419e+00  6.3080835238e+00 
 37   3.7000000000e-01  9.0837927101e-01  4.5432825197e+00  3.9738756022e+00  3.3785269803e+00  6.3135934733e+00 
 38   3.8000000000e-01  9.0837977234e-01  4.5436083840e+00  3.9735360299e+00  3.3798997477e+00  6.3195432818e+00 
 39   3.9000000000e-01  9.0837899582e-01  4.5440470609e+00  3.9731092655e+00  3.3806632163e+00  6.3266910697e+00 
 40   4.0000000000e-01  9.0837897968e-01  4.5444931217e+00  3.9726502525e+00  3.3809341197e+00  6.3346063470e+00 
 41   4.1000000000e-01  9.0837854460e-01  4.5448658374e+00  3.9722524933e+00  3.3811342881e+00  6.3422031894e+00 
 42   4.2000000000e-01  9.0837849116e-01  4.5451893244e+00  3.9719704248e+00  3.3816529719e+00  6.3482598250e+00 
 43   4.3000000000e-01  9.0837821153e-01  4.5455022962e+00  3.9717844344e+00  3.3827666709e+00  6.3523625284e+00 
 44   4.4000000000e-01  9.0837786635e-01  4.5457949428e+00  3.9716178059e+00  3.3845011636e+00  6.3550013394e+00 
 45   4.5000000000e-01  9.0837759392e-01  4.5460579971e+00  3.9714378866e+00  3.3867357559e+00  6.3568261510e+00 
 46   4.6000000000e-01  9.0837750681e-01  4.5462842353e+00  3.9712551898e+00  3.3892305416e+00  6.3582918259e+00 
 47   4.7000000000e-01  9.0837717028e-01  4.5464645636e+00  3.9711056884e+00  3.3917665095e+00  6.3593492135e+00 
 48   4.8000000000e-01  9.0837704956e-01  4.5466010105e+00  3.9710267528e+00  3.3941954391e+00  6.3601070855e+00 
 49   4.9000000000e-01  9.0837680523e-01  4.5467075327e+00  3.9710234764e+00  3.3964461664e+00  6.3605291070e+00 
 50   5.0000000000e-01  9.0837669703e-01  4.5467834261e+00  3.9710588642e+00  3.3984706622e+00  6.3606658350e+00 
