# svMultiPhysics boundary integral results file. 
# Quantities represent averaged scalar or flux values over each mesh face.
#        
# Format 
# ------ 
# face areas: [list of mesh face areas]  
# step time [list of mesh face names] 
# [time step] [time] [list of computed values for each mesh face]
face areas:  4.620e+00  7.770e-01  9.683e-01  2.290e+02  8.826e+01 
step   time   cap_aorta  cap_aorta_2  cap_right_iliac  wall_aorta  wall_right_iliac 
 1   1.0000000000e-02  1.7183103541e+05  2.8182693273e+04  3.1997402655e+04  1.0718814926e+05  6.3503566741e+04 
 2   2.0000000000e-02  1.2503703933e+05  9.7738452296e+04  1.0535268122e+05  1.5365071424e+05  1.5772843698e+05 
 3   3.0000000000e-02  1.4311031448e+05  8.3499595406e+04  8.7108719373e+04  1.0225070074e+05  8.3025713543e+04 
 4   4.0000000000e-02  1.6075037702e+04  7.4266876657e+04  7.6563649040e+04  4.9239133400e+04  6.8286259221e+04 
 5   5.0000000000e-02  4.9980285057e+04  5.1580330456e+04  5.0965091108e+04  3.8293757164e+04  3.7556492708e+04 
 6   6.0000000000e-02  7.4757435228e+04  6.3502632519e+04  6.4625383226e+04  7.8849449924e+04  7.6373994945e+04 
 7   7.0000000000e-02  8.9124398277e+04  6.7140420439e+04  6.8628023844e+04  8.0615367726e+04  7.5941927562e+04 
 8   8.0000000000e-02  6.7868643533e+04  6.6808889787e+04  6.8042621765e+04  6.9700145646e+04  6.9980338008e+04 
 9   9.0000000000e-02  6.6240901703e+04  6.2866680782e+04  6.3694076846e+04  6.4817530655e+04  6.4641219074e+04 
 10   1.0000000000e-01  7.2166817768e+04  6.4025411272e+04  6.4978227410e+04  7.0783641803e+04  6.9206904349e+04 
 11   1.1000000000e-01  7.4683642572e+04  6.4944631538e+04  6.6063184668e+04  7.2458098070e+04  7.0696876134e+04 
 12   1.2000000000e-01  7.1487931684e+04  6.4853212743e+04  6.5948400336e+04  7.0221244940e+04  6.9129132151e+04 
 13   1.3000000000e-01  7.0986349662e+04  6.4281709959e+04  6.5334304646e+04  6.9585666971e+04  6.8522641724e+04 
 14   1.4000000000e-01  7.2041035927e+04  6.4423117071e+04  6.5501996281e+04  7.0467665408e+04  6.9115418377e+04 
 15   1.5000000000e-01  7.2261054058e+04  6.4559444868e+04  6.5665825044e+04  7.0655826373e+04  6.9320491816e+04 
 16   1.6000000000e-01  7.1943878221e+04  6.4554814599e+04  6.5655599116e+04  7.0422015854e+04  6.9146616784e+04 
 17   1.7000000000e-01  7.1749813747e+04  6.4473051543e+04  6.5558071578e+04  7.0248820822e+04  6.8996833828e+04 
 18   1.8000000000e-01  7.1895414107e+04  6.4490622387e+04  6.5549230170e+04  7.0361867968e+04  6.9060787997e+04 
 19   1.9000000000e-01  7.1991298016e+04  6.4544616739e+04  6.5582369044e+04  7.0451119649e+04  6.9127387240e+04 
 20   2.0000000000e-01  7.1912314612e+04  6.4563959083e+04  6.5566958511e+04  7.0394810567e+04  6.9080513663e+04 
 21   2.1000000000e-01  7.1862927433e+04  6.4561291736e+04  6.5533764931e+04  7.0359876528e+04  6.9037834521e+04 
 22   2.2000000000e-01  7.1886462869e+04  6.4574732317e+04  6.5520595000e+04  7.0381525795e+04  6.9040675389e+04 
 23   2.3000000000e-01  7.1892178880e+04  6.4590959500e+04  6.5517173885e+04  7.0392513466e+04  6.9041211721e+04 
 24   2.4000000000e-01  7.1876655905e+04  6.4601557380e+04  6.5513315555e+04  7.0383044844e+04  6.9030574911e+04 
 25   2.5000000000e-01  7.1849803196e+04  6.4600005107e+04  6.5504371340e+04  7.0362941354e+04  6.9011233728e+04 
 26   2.6000000000e-01  7.1849659872e+04  6.4598147477e+04  6.5503352499e+04  7.0362491664e+04  6.9008697042e+04 
 27   2.7000000000e-01  7.1854433903e+04  6.4592262739e+04  6.5508168447e+04  7.0366119790e+04  6.9012014903e+04 
 28   2.8000000000e-01  7.1863275307e+04  6.4581167126e+04  6.5516536023e+04  7.0371920637e+04  6.9020007071e+04 
 29   2.9000000000e-01  7.1880163693e+04  6.4565359619e+04  6.5527973657e+04  7.0383627655e+04  6.9033494073e+04 
 30   3.0000000000e-01  7.1911466276e+04  6.4551447422e+04  6.5544390428e+04  7.0407248427e+04  6.9056642143e+04 
 31   3.1000000000e-01  7.1932369761e+04  6.4538223997e+04  6.5557603442e+04  7.0423753912e+04  6.9072138104e+04 
 32   3.2000000000e-01  7.1957826747e+04  6.4529696614e+04  6.5568615461e+04  7.0444295004e+04  6.9087710155e+04 
 33   3.3000000000e-01  7.1975673417e+04  6.4528100439e+04  6.5572202657e+04  7.0460057861e+04  6.9096485803e+04 
 34   3.4000000000e-01  7.1987492588e+04  6.4530886805e+04  6.5570235857e+04  7.0471357786e+04  6.9099449117e+04 
 35   3.5000000000e-01  7.1996844881e+04  6.4538141316e+04  6.5563856076e+04  7.0480701982e+04  6.9100466406e+04 
 36   3.6000000000e-01  7.2000976136e+04  6.4546826255e+04  6.5555907529e+04  7.0485859189e+04  6.9098357581e+04 
 37   3.7000000000e-01  7.2002383291e+04  6.4555811409e+04  6.5547656425e+04  7.0488518891e+04  6.9095195322e+04 
 38   3.8000000000e-01  7.2002092378e+04  6.4563688274e+04  6.5540271064e+04  7.0489701176e+04  6.9091571170e+04 
 39   3.9000000000e-01  7.2001474068e+04  6.4569882096e+04  6.5533727357e+04  7.0490349544e+04  6.9088146865e+04 
 40   4.0000000000e-01  7.2001999492e+04  6.4574633443e+04  6.5527977559e+04  7.0491705346e+04  6.9085710931e+04 
 41   4.1000000000e-01  7.2004438438e+04  6.4578656979e+04  6.5523197291e+04  7.0494443047e+04  6.9084769208e+04 
 42   4.2000000000e-01  7.2008490403e+04  6.4582496300e+04  6.5519402779e+04  7.0498445379e+04  6.9085243391e+04 
 43   4.3000000000e-01  7.2012242114e+04  6.4586137624e+04  6.5516174837e+04  7.0502211404e+04  6.9085994857e+04 
 44   4.4000000000e-01  7.2014441572e+04  6.4589491808e+04  6.5513300321e+04  7.0504683839e+04  6.9086121308e+04 
 45   4.5000000000e-01  7.2015265237e+04  6.4592663976e+04  6.5511083447e+04  7.0505981174e+04  6.9085946131e+04 
 46   4.6000000000e-01  7.2014134474e+04  6.4594988503e+04  6.5509377437e+04  7.0505621979e+04  6.9084904517e+04 
 47   4.7000000000e-01  7.2011633353e+04  6.4596131543e+04  6.5507958170e+04  7.0503966990e+04  6.9083322995e+04 
 48   4.8000000000e-01  7.2010076032e+04  6.4596332752e+04  6.5507448239e+04  7.0502946802e+04  6.9082426423e+04 
 49   4.9000000000e-01  7.2009341266e+04  6.4595972258e+04  6.5508052712e+04  7.0502491482e+04  6.9082355978e+04 
 50   5.0000000000e-01  7.2008071173e+04  6.4594885006e+04  6.5509157283e+04  7.0501512155e+04  6.9082026911e+04 
